latitude0_deg: 41.4678702
longitude0_deg: 2.0227646
altitude0: 133.0527
