latitude0_deg: 53.4238130795
longitude0_deg: -0.935819574408
altitude0: 51.0795244233
