latitude0_deg: 53.4386604283
longitude0_deg: -0.932653757765
altitude0: 50.7238057501
