latitude0_deg: 37.4071127717
longitude0_deg: -1.64127855849
altitude0: 119.126034592
