latitude0_deg: 53.433998
longitude0_deg: -0.908099
altitude0: 55
