latitude0_deg: 53.4396403454
longitude0_deg: -0.924521881198
altitude0: 50.9974013419
